LEVELDATEI
00000000000000000000
00000001000000010000
00000001000001000000
01111000000100111000
00000000000000000000
00101000110001001001
00000000000100000000
00000011010101000010
00000001000000000100
00000110110210000010
00000000000000000000
00010101101000010001
00010000000000000000
00010001000001001100
00010000000001000000
00000010010100011011
00000000000000000000
00010001011000001001
00000000000000000000
00010100000010000000
00000000000000000000
00001101011001010101
00010001000001000101
01111000011101111001
00000000000101000100
00111101110101011001
01000100010100010001
00000111110101000010
01000001000001010100
01111110110110000011
00000000000101000100
01010101101000010101
00010100000000010100
00010101000101001101
01010101000001000000
01100011010110011111
00010100000100000000
01010101011000011001
00000001010100000100
00011101110111000000
