
00000000000000000000
00000000000000000001
00000000000000000000
00000101000100000000
00000100000000000000
00010100000000000100
00000000000000010000
00100000010000001000
00000000000000000100
00010000002000000000
00000000000000010000
00000001000000000000
00000000000000000000
00000010010010000000
00000000000000000100
00000000001000000100
00000001010000010000
00000001000000000000
00000000000000000000
00000000010000000000
00000000000000000000
00000000000001000001
00000000010000000001
01100101010101000000
00000101010001000001
00110101000010010101
00000000000000010100
00100000110000001000
00010000000000000101
01010000001010000000
00000000000000010000
00010001100101000000
00000000000001000000
00000010010110000100
00000000010000000100
00010001001000001101
00000001010101010001
00010001000100010000
00000001000001000100
00010101111000000000
